CanberraDistance
    10:  2 66 28  4
    47:  2 69 27  2
    84:  1 72 26  1
    121:  1 72 26  1
    158:  0 73 26  1
    195:  3 67 29  1
    232:  0 76 24  0
    269:  0 68 32  0
    306:  0 68 31  1
    343:  0 72 28  0
    380:  1 70 29  0
    417:  3 70 27  0
    454:  1 67 31  1
    491:  0 79 21  0
KendallTau
    10: 10 52 32  6
    47:  6 65 26  3
    84:  9 49 34  8
    121: 14 50 30  6
    158: 12 58 26  4
    195:  9 55 30  6
    232:  2 67 23  8
    269:  5 59 33  3
    306: 11 50 33  6
    343:  9 52 28 11
    380:  6 58 30  6
    417:  7 60 27  6
    454:  3 61 27  9
    491:  3 65 28  4
LevenshteinDistance
    10: 12 36 47  5
    47:  7 55 28 10
    84:  7 56 26 11
    121:  9 49 35  7
    158:  6 66 22  6
    195: 11 54 29  6
    232:  2 43 38 17
    269:  5 53 33  9
    306:  8 51 35  6
    343:  5 61 33  1
    380: 10 52 34  4
    417:  7 59 28  6
    454:  9 60 29  2
    491:  4 61 30  5
CayleyDistance
    10:  6 65 22  7
    47:  6 65 20  9
    84:  3 74 19  4
    121:  3 68 20  9
    158:  6 76 12  6
    195:  6 81 10  3
    232:  1 85 11  3
    269:  3 74 21  2
    306:  2 74 19  5
    343:  3 85 12  0
    380:  1 88 10  1
    417:  0 81 17  2
    454:  1 85 13  1
    491:  3 83 10  4
LSquare
    10: 10 33 47 10
    47: 17 29 49  5
    84: 10 33 49  8
    121: 11 30 53  6
    158: 15 31 52  2
    195: 10 29 54  7
    232: 15 22 54  9
    269: 12 34 50  4
    306: 23 31 44  2
    343: 15 34 47  4
    380: 16 29 52  3
    417: 10 31 54  5
    454: 12 30 52  6
    491: 13 30 55  2
