CanberraDistance
    10:  3 69 24  4
    20:  3 73 22  2
    30:  2 67 29  2
    40:  0 69 31  0
    50:  5 72 22  1
    60:  3 71 26  0
    70:  3 71 25  1
    80:  2 78 20  0
    90:  3 67 27  3
    100:  3 69 27  1
KendallTau
    10:  8 44 36 12
    20:  4 67 21  8
    30: 14 50 32  4
    40:  8 52 31  9
    50: 10 51 33  6
    60:  7 56 29  8
    70:  9 54 32  5
    80:  5 51 37  7
    90: 11 55 28  6
    100:  9 56 30  5
LevenshteinDistance
    10:  9 47 35  9
    20: 12 51 32  5
    30:  7 49 36  8
    40: 14 54 25  7
    50: 10 57 24  9
    60: 10 48 35  7
    70:  3 48 39 10
    80: 12 51 28  9
    90: 15 55 28  2
    100:  5 67 25  3
CayleyDistance
    10:  7 63 25  5
    20:  8 54 33  5
    30:  8 63 24  5
    40:  6 56 28 10
    50:  7 70 17  6
    60:  6 67 19  8
    70:  7 71 20  2
    80:  7 79 13  1
    90:  5 68 22  5
    100:  6 71 21  2
LSquare
    10: 14 29 50  7
    20: 12 33 49  6
    30: 14 21 52 13
    40: 12 24 56  8
    50: 11 32 52  5
    60:  8 37 47  8
    70: 14 31 52  3
    80: 14 34 45  7
    90: 11 20 63  6
    100: 11 37 46  6
