CanberraDistance
    10:  3 63 34
    20:  5 71 24
    30:  3 68 29
    40:  4 71 25
    50:  2 72 26
    60:  4 67 29
    70:  2 70 28
    80:  2 72 26
    90:  1 79 20
    100:  2 65 33
KendallTau
    10: 17 52 31
    20: 18 61 21
    30: 11 50 39
    40: 15 53 32
    50:  9 58 33
    60:  7 68 25
    70:  9 60 31
    80:  8 64 28
    90: 13 51 36
    100: 18 45 37
LevenshteinDistance
    10: 21 48 31
    20: 14 48 38
    30:  8 54 38
    40:  9 51 40
    50: 11 56 33
    60: 18 49 33
    70: 13 61 26
    80: 12 62 26
    90: 13 61 26
    100: 14 53 33
CayleyDistance
    10: 12 58 30
    20: 10 68 22
    30:  9 60 31
    40:  9 68 23
    50:  9 71 20
    60:  4 74 22
    70:  8 74 18
    80:  6 75 19
    90:  7 77 16
    100:  2 80 18
LSquare
    10: 18 28 54
    20: 14 32 54
    30:  8 31 61
    40: 14 29 57
    50: 17 29 54
    60: 20 30 50
    70: 21 29 50
    80: 13 34 53
    90: 16 30 54
    100:  8 37 55
